274
75431057
32481434
63659484
28338565
14690813
14950927
18300132
60115647
22865009
38493250
18049125
16693331
14389827
28521141
74972610
17474545
18904907
28332178
30171788
31952227
59515255
14389580
73208089
14287191
18210188
37259971
16229878
23725610
14148802
20197946
24829408
16881711
14626565
14515822
15052259
17366875
69777601
91525527
27467015
34385755
18434866
65022237
28940725
14177724
60744687
24868811
17498721
18966015
44260055
37502110
18065572
32923981
38558836
42101523
60969435
14346497
29248397
18247597
25104744
23107306
49322555
28662135
19579115
26575930
10688772
17664577
21681591
17427978
15473714
24591423
78932359
30062142
56870182
65468720
70836059
2033861
2717891
16562949
14750177
39808810
5439702
34624909
33024679
76250150
25527966
24302652
65410016
23089557
42484453
82087685
713143
20620054
15314618
16891233
79254508
28239575
71478529
77690055
18311418
67444186
15009605
22014589
51713053
73761305
48653634
16902654
38212502
14478814
17909305
21136239
87258835
56184365
12087032
18725854
50454690
15803145
22885510
17911957
65685379
17358768
83647262
10447982
24251218
19826485
18786107
63424841
21154969
19505749
21707410
23475464
14841427
20207892
61052453
7382632
26936959
1586871
15694788
14707194
29227963
16540406
29557692
49107488
753783
31172150
28050351
55561365
55111490
44369840
74145402
18312315
28298977
11718
73390628
28863674
23359558
26972255
20118118
38512821
38705388
71910572
30343716
14207988
7888762
30404080
22104297
20017714
58630248
21688074
86237437
19669837
59606831
34815063
1153
22264606
19824135
14242858
25522693
92997740
30293658
20486617
14248741
14795729
19757070
65420358
17998216
25961550
17875492
21592029
87011091
16250853
68757631
21215654
23826668
43723
17400547
48502553
23984843
73520863
78985595
18948408
34835079
75454164
18122488
23418778
15769327
89613768
59135405
25039272
29812418
17236674
8962882
21798815
30039098
15220164
18301162
18367054
36995283
67515086
41984174
3833701
6546872
16305330
78472183
77507843
17125462
14441875
15519430
28459185
15606727
31185580
15066271
17855704
22473124
7439432
52916988
74805794
16334824
17139011
16223529
22283771
19822897
16210141
20399004
21930863
67055694
27471121
7836252
21795016
20751246
16497974
84689256
24971888
15371874
29247116
34024673
20657335
45574883
43465540
5667002
49543699
21448442
19627127
15679777
652193
38481764
9641832
8480672
40876324
34865747
14645928
35294528
11695602
19517495
86427721
40965909
58939440
72685550
36509624
19570576
32490353
15953844
54434281
1359731
25467081
68968594
19014680
33674155
16565924
14900176
23986012
87056903
29959482
10020872
18041945
61413756
46707830
81728943
1582391
18132494
48511236
15860016
22329831
78396054
37019296
61086875
21207821
14163955
776434
72349563
31554957
17885818
21310473
14280806
15153369
55882340
38883394
18948728
21778858
33215009
20290444
2730791
35282194
18055797
24332709
48086255
16896082
68240362
21921307
13565472
11347122
10222862
14285160
49883344
62139220
16481874
17323359
20182317
17538159
18338254
14140617
94
68968829
7019062
72870697
86556709
33069618
14980437
40930868
20021569
19804235
20106410
25438908
32259430
17379547
35661285
26556221
5248441
38487814
25709412
23522434
22601831
40959360
23399646
42984750
40138506
15993258
33637211
12661782
15154356
59172584
55027083
39824565
19394188
59645774
14475273
16834046
66808758
10882582
39570467
14187795
63414711
33220629
35007553
16520013
47388801
21761627
7583422
14760755
16120268
15211133
34668956
43939091
49753110
17161347
16218208
20183845
19352516
22235817
15972180
27716284
34985760
15616044
21245427
18354504
68414127
17184753
27782593
16318114
71605964
52845829
22872981
16089738
37607701
19608328
17579124
25842448
68603837
23966184
16085532
22672405
19852486
81271798
18490282
20174818
14954009
14792750
19375854
71181403
22302873
47183491
1666871
19806179
78994606
21834994
35686005
38028057
17611688
38801439
18064026
40486598
64546677
27254972
14576624
21308157
5746452
16000490
28127547
5877292
14136089
8891042
32629751
37151727
56471063
15237525
16550480
14996514
16210509
74885326
44684089
14602589
20203463
18379958
17469567
27906210
14080923
62641850
48469925
46532492
87495654
2264811
16150457
50367259
22956380
18418081
30407988
15141980
19119542
66142438
36492985
22927537
9513162
15579272
54357027
15294054
22740843
52950631
18785430
22117405
27445555
48249729
41045347
17617227
24976754
46498477
37466762
71453676
15266059
88278398
9186952
33530004
18081899
9813182
32226174
9064862
83734528
12853322
17976103
21010214
38327737
27934142
791124
17633752
61860048
7159752
15423869
33062681
19563
15776381
24757310
16732282
28174228
15151666
20114590
71883171
19745317
28298041
27794688
35111608
66405948
36377963
76551444
22474910
44655407
81628637
37338216
15936194
26213879
14477950
13135462
49743379
30325613
28861502
74877315
15458880
49170409
50396476
30169766
64059568
63758380
19274077
14290769
60488483
31507972
14096703
14563512
17410134
29645962
55480972
44963417
55321898
31920384
21682161
26696841
41879846
23333658
16337290
54989114
10731452
16437867
18640555
54746632
17966816
80485095
26281395
38256128
16832435
19426551
20298672
12524522
89839711
28162392
35328783
14479347
31565958
75336756
18641836
66014993
51067687
42325038
24842565
32576777
20800403
81430023
33473521
21921231
15137060
78228559
15961775
56503513
27184716
14621420
14826700
14564157
88976793
5953672
15985814
35060716
14220156
70748701
21966536
84898026
45733721
12436442
72350687
8029402
14145399
19721537
23174727
79864638
32654454
82531797
43838623
50383830
21805159
84644190
35541060
16844229
35056299
16140668
949521
17360365
15185360
23665555
69398053
15184804
17002185
77955023
35616990
55452797
17345021
73198795
54168608
15210284
82139732
28133639
48399528
17892280
42549089
20953901
17531205
70839579
48890812
19341895
15665604
34484336
52276676
22517498
71825261
6123762
20272083
61415087
49785551
14217286
21686618
53441081
79259844
40424485
15507144
34210764
77584624
24082847
18860631
16334143
44687868
60199607
14246782
16892796
22695157
18640992
15288903
18962078
68884438
19138589
61848562
22594980
64448228
14218786
86437885
19560636
26287558
25584213
24785398
60138458
17029640
1173
18418726
14219273
40001594
67343665
18234549
25572437
6480652
23857435
20078845
25549249
68098434
42391272
17595572
37812345
39668197
6193182
75093
16954965
51267107
39077259
82269437
16717455
21413070
16587322
55619425
17694164
58698600
54134190
14714689
14985126
69303828
18772355
36511031
20087888
18897659
23685866
71303080
17571031
18521955
46341163
69590970
86455386
28636225
16265869
15456558
88755504
25036329
15302228
16313373
18922887
67524920
87257462
47773587
21279256
29858194
19780938
16191643
15699280
64045843
87030377
14199378
15535860
9229672
36395769
16742538
8410612
6086902
48606253
19823056
67248756
5517432
14104085
77018247
51090291
18264081
18194887
87877590
15842079
42130138
9601512
18009497
20331019
32200125
817283
22689938
22080314
20151032
21909621
19169859
14205258
12613922
30684356
21036449
15574667
75613839
66160424
32502727
19291367
77020114
9168482
789296
26290665
23346142
17760941
15503880
27976399
22866987
89135177
18341855
55788647
14861503
18178410
35381039
14789629
17299063
14403725
17076146
70754903
8174592
55560050
19478567
18261133
22086130
409
63611814
18216186
25085182
14275261
41534849
79540538
15985455
15918994
60741117
11620792
40180466
55782620
27696613
17157430
17075483
17140556
12902
33922163
14729589
64652341
22277800
15852295
18354301
74094745
73986539
16043600
10023292
17856416
27495231
14279433
36793241
30321204
74584257
12079312
21178591
20549026
23865382
18083797
56144954
45849135
69495044
24001513
49739298
16826240
57399531
61882146
19777173
6015962
33428418
21258078
16613646
21671662
32331846
75601995
83523333
2999191
21432475
15868581
9598922
15774705
65884652
18310715
14085277
21840656
46975482
26059343
18795112
34066033
26281090
17143911
33130921
38226942
93688613
28523769
16356322
15696122
14961354
14057544
17272766
24996573
29557003
24791186
23467508
41688867
43470645
39059957
21133373
22938645
59664130
71308506
14086013
71283174
14610997
676063
17297668
55780989
20272112
25906221
44215196
55716288
10836532
15769516
19665244
9628732
66614199
72702593
17232815
10220942
23031041
15080404
9719042
19413302
40001164
9323782
43808449
35544888
15310921
67687711
21278659
44658926
52667533
14964449
23502921
18151650
15374359
17877122
77003453
45482079
20696848
33342699
54999357
23849954
67823126
36977552
10584522
16672130
15299235
20622301
20077497
45640798
9547822
41549029
16651670
19566490
17049419
14527234
17911385
15368007
14420251
16291865
14208767
5911972
66605460
12085472
18114769
20599555
48534208
822824
34074552
61009806
14998938
26547031
58090444
33383
29833105
14090989
54631433
87484958
70782320
80544048
6345462
19252079
50442977
14285194
17270576
23637601
74352642
69706891
9677372
39184279
30047047
16641045
14428537
20698102
73568813
16261627
17448486
39621524
21280216
18772852
17060879
20172641
30726907
14955908
15407016
18919233
15524324
57149388
18102740
14634626
22238858
1438651
890891
23502494
52486841
23265648
54045531
35280459
24344886
14052798
53577075
23099233
3474891
15474239
54032044
24919024
80355244
5970372
18338538
71663892
46102630
13299972
20568127
61330069
12146202
17349802
18310478
73036094
24235548
15708790
23100488
18901902
24445207
17507250
19669816
17913789
19210865
52164528
17503381
27588368
1019951
69913038
23682527
17024872
755113
15357138
29985768
29245324
18204917
14974554
34886441
23103448
37526967
13678292
25375521
16486752
18059104
44746495
73982539
92385715
20833203
8416832
61698230
16449742
27929378
88573735
89766463
17624338
41043872
34072922
20083551
36711067
17981654
20016569
16008072
69354891
37023693
1626991
67187050
32753986
58322931
18343801
86251486
10755302
20211090
61303072
67165933
7827622
44053753
81294295
2635241
73635972
22220677
14097710
37140102
81459996
35094293
2156951
15756850
9626422
60180423
26662018
17138545
16020254
30141569
3032
6165752
38429270
43111462
14936359
15362015
27935923
21249319
19983118
14948301
1322691
15639561
17762333
15770648
22581728
45747659
697593
27118594
63350299
19523594
58503305
68817722
15566199
29773839
63581267
17643379
9746012
18093684
18772408
26795138
32695751
10755542
17498735
16017753
771648
24786034
14262772
32759083
79313634
19879136
51268109
34192959
23861536
47801502
15999644
11856592
21323493
55777010
25944664
24375392
20014851
80233893
18205202
15099012
53815112
56741841
18182163
57720688
14857135
14118608
86353043
1010471
19853
45202655
28645087
23666721
20265510
36649874
16817827
41781145
14217016
14837079
30015168
17948120
15261742
25613585
61028410
12767492
42674241
60750044
19481177
5819152
37381402
27753968
7141792
16465231
8038872
30270309
12447
68213418
17874570
14193558
16699495
18622025
36972884
16180126
26902018
17964515
31464562
19627871
19254838
16508519
18618298
24241938
43793782
47110592
75037535
36539768
19120850
673483
20786801
12299242
41077365
16626553
6153542
37093539
26166978
29640056
59047076
6272792
72621954
23423779
35308857
2081521
15185621
33416342
18350166
51242087
19382901
31252022
25968631
43964892
87016394
17554345
16574681
49344223
7155812
26162088
62138211
78063605
75944628
17490477
22318695
38699848
38716207
17293544
14098094
29203792
34337143
84387006
25970938
16599267
32238551
14429884
777925
74656871
17586031
19830630
18
54464635
23015640
24395545
27757064
27115071
15708087
38178075
19543987
7301572
68304826
40822026
9226902
811260
24253307
14174793
18583564
17290254
60750465
20715337
9904602
21278108
13352012
15510644
18139461
35035420
14863920
14593851
7001482
41480460
65756256
50254263
1708571
30682999
14948258
14354410
16686177
18647233
17739787
16701885
15665411
9616062
33554367
67139171
14454892
47403843
29635024
53096206
30270677
37028386
9838862
71606590
43905579
15298648
17792032
17516049
60750928
71597660
20395940
21534138
16829374
20829172
17077260
16411060
31227285
61070646
20214637
26079429
14664610
17298532
22495082
39546438
6333502
50713627
21840737
42088820
20961788
29820132
