7120172
70731786
46421038
20350238
17623957
26180577
19022786
63775426
12093282
16833471
32481434
17094311
38338886
37837907
24449031
59835860
18843588
63565513
60115647
1175791
23342205
19880175
9215532
20626806
59606658
87066786
61068493
16306983
9256422
20608910
78361381
19925290
16098642
28355416
32764712
16284872
82157314
28521141
15785713
15161281
16262506
31608242
6722902
14741886
21323673
22424777
14264379
42956912
31952227
30669223
59515255
19862538
9391582
23599540
49115842
25227203
60020303
23028868
37408342
43983278
25321854
51315035
14148802
68895932
28323144
14269518
20197545
58046259
17405063
14301724
8659842
16880062
10248352
22331432
15144740
18916212
22305442
75616771
35335454
55678018
65022237
18104101
790826
18990735
28940725
60744687
45860418
43051198
24868811
14561266
41239299
17498721
28187736
15858135
44260055
30959438
3083351
50924239
19004684
18065572
21348816
45650918
9493462
27311044
15853668
807027
30864583
20272468
10848702
42463589
21969308
13752682
11604
18920334
18519345
60992417
71054748
38491519
84167312
69268634
15120037
76416892
10990
28195996
18247597
15641355
25104744
69428250
37786080
25241799
24032232
23831448
17172786
70025109
15739452
40908157
60882590
36127192
23643957
30002777
8776962
35328225
20419946
69105487
90309478
24628664
28468841
80270468
18750101
16900101
14266918
15839259
21560472
16957111
33626496
42183662
13960622
16268106
14230392
16696384
81167970
69188963
15367243
48602546
76656711
16153327
67747783
14750177
23021534
41742373
30157620
31501013
18273532
43906637
17659227
78193363
22171007
39325978
28457505
57482558
15294801
26736999
46967561
20070107
15250889
35419378
21717545
37809660
63508818
60248704
20406956
16952837
16317452
62138042
65410016
35927341
89093001
30171397
88687793
23493372
15594729
17091688
26165528
48678522
41237381
54819492
23224611
32668095
82087685
87065007
713143
18633649
39923142
755241
31861922
60132759
16891233
32408299
14948299
23816931
15017215
22715672
18642609
20798265
17506779
14382311
77690055
54425824
17887465
41023270
14713937
70529715
22657202
31487785
18311418
18369254
6813682
15396479
15603794
17000333
24347706
90371558
19797994
16199282
22110441
22561153
33905818
35660547
43045548
27301688
61682333
65264189
28624839
36041314
40319584
85292122
34421926
18565463
29159131
14664968
67735595
62372124
17291815
19051166
51588322
51229656
16989256
17257563
83168909
47457285
3108351
14530651
30807559
43334379
16491749
32498337
9865112
71975958
15443925
38285308
18655493
19781974
11731592
15509433
50454690
17770482
12132292
17392555
9715012
28724977
63627539
71296691
7944832
18426947
14371266
26350255
17353481
58128614
73170364
46427343
16259172
27776628
16909180
16660451
16441088
18964356
17358768
83647266
83647262
15658327
28731194
61866772
17553895
16613763
16234029
63760428
46192323
19826485
30271179
31576013
21360058
65498508
17597485
61207716
21154969
51310402
1598261
20165290
37689936
63148120
29284075
79322391
19053841
76370521
20332936
14178674
39415315
61052453
27750153
48082865
20519701
34850997
48437833
36756075
25198748
16540406
29557692
20346956
63267468
16650023
32807612
39611009
31172150
19897005
24724758
29130412
16722889
50040981
64758396
18353536
18275556
30789385
40131232
15251252
69147237
19915096
34708125
39320057
55111490
79593134
15184913
28116497
44416110
19771382
86132614
85682494
22045613
19689092
17887759
18000311
17412611
31553139
73390628
22286189
70709073
18247087
26565124
31483387
14985228
20747715
21359167
88953313
34087628
82012416
38512821
13946352
16835474
32164426
18856042
18439500
19471702
47437710
44277806
30343716
27559018
34159730
16442457
21258337
37627660
56506982
34979543
51480569
10400902
14116305
23620920
15831519
23449593
4131861
75835953
77280211
18933038
34971989
16539573
34815063
26903014
81236043
16308790
21239304
86429746
19824135
24415117
15724351
25522693
16690146
17173328
92997740
28886097
30991884
69782275
16071546
42825369
44057908
81380646
20404932
24416316
37676683
19131269
22413642
15080767
42640373
17514171
82450558
23399301
18233937
46722981
25111363
15640844
40924038
53720508
30823677
25961550
18640595
19579595
8844262
19381002
23017891
63799454
25700535
24491875
16250853
64224073
24550090
18474246
46546130
17262591
36483808
779715
20522862
50155484
68757631
37142945
36201003
17830481
52092754
17981227
23630483
16488189
17836882
22324642
33132808
20194887
17640740
28562317
48502553
37959244
66943504
23984843
81900486
14248315
14730894
17030263
43245090
87055309
18948408
71578919
24219806
817113
20201796
63834536
15769327
43950382
7788922
57429648
47707475
15874410
59135405
25957432
22116240
30825474
25039272
28557004
17862528
54007305
40315620
29812418
25933929
35865024
54724938
31668797
60410450
14088877
31144520
37999341
20754250
21413987
789300
73492471
14075210
21711167
31425045
21816282
14220444
28709052
64445071
21057569
40265309
23944104
24797570
23228600
16106466
16888571
41553730
19243796
31185580
14483068
29510055
57123447
78043748
56746916
862681
18620590
74373026
45280780
22726604
1344951
70773598
34934052
16830726
20735454
80774161
74455300
15792089
3840
28909107
55118772
30781818
68690382
88280830
58490568
43156929
20401825
16334824
17757689
26820306
41620669
17139011
16023377
76606525
70695883
25592079
45446833
13070362
42789904
14196986
36759246
21579601
63899787
67055694
16793725
19093324
17371302
26536016
15451591
24401781
36179184
17345199
67913665
49574092
2249551
12807582
21135427
67355144
16311661
61535269
17524727
36770749
16438655
28282638
34329049
35679569
20751246
69406938
63588378
39096643
17044482
80371575
85763848
63275171
17420153
13484362
29247116
20737561
18063700
14746161
27553288
24293209
33995215
15640698
14857438
18359875
23011345
45574883
56581451
9427202
9887762
73304470
14197368
88755670
1248411
21448442
47794752
63494497
37779432
49387233
15146572
38481764
40550351
43920155
40316096
74649406
22528547
26447622
21622756
49179574
16280299
37229337
43779062
59924969
16913488
67248437
25875192
57191722
57266089
14400787
70438369
9064032
17207019
16489411
89473492
26261175
27379277
86207677
14344005
17876572
15998426
58939440
36579357
18193591
51276374
80418335
34154992
16519568
14218429
16822815
1388411
40842793
67388629
17090994
27823571
29736403
56950026
19689125
21905301
59373373
71146071
43211678
7043692
22416481
36086779
15936224
31201500
87056903
18086969
19074006
29959482
32463476
20444147
30147254
10020872
44423333
21142562
61413756
16262733
20395983
80940423
22565026
29932138
58338750
15013140
25171326
48590692
42264221
48510540
17996890
40429674
17450016
77114955
36991599
19086896
16580817
16489986
18390091
73160804
19570848
15856164
77842330
17819770
14508426
14485956
16777007
60986487
19514908
32791094
33934592
29933455
25942780
18125335
17280662
72349563
15989384
24143932
17814491
4799341
3021031
14571700
15804197
23383517
34950695
43903378
45643296
20941271
32445806
71843311
32486920
61844790
53189922
16172345
37368117
15178225
25835852
54446559
33215009
27252776
17469114
44387676
14769826
86701364
24332709
46826050
39374276
24409020
41376282
79190576
19042769
21921307
18727003
27781778
19680185
38129496
17826128
80677794
26108243
39962318
21131924
90032055
22109593
15052873
28424548
28178127
43654167
76646636
12511062
23867805
19229894
74204309
62139220
45376427
34110015
61031027
34323046
22799750
23997158
15345012
82409870
30068744
14826789
56416978
83509633
14140617
21561981
19010181
41457012
68968829
32109651
27394553
73179753
75737094
22183766
72870697
68315224
17854757
12861732
14980437
24211474
45371222
15649950
12477262
30121924
22011025
13075052
30486259
16273144
16422958
21681809
19053043
32303496
28017403
43737171
66061542
21356950
59865130
25147215
14973634
68907284
2569261
16116288
35661285
25952808
16412610
20178419
85925428
14792516
15155074
68993853
15617409
40959360
15051657
15523250
23399640
23360024
15771173
19883384
44133251
24530247
41521078
45628783
21459141
14569363
18768730
14424363
54060173
43214455
15544867
21072109
59172584
89492290
32835708
34073304
20211580
39824565
31158551
19394188
18317058
22729305
22375715
66808758
2781
63414711
53041908
19664479
63909425
14467476
38697940
6375322
21761627
20568947
15831223
16491569
33629360
27750488
24340604
17432823
31001654
20594795
24302122
80720275
51728291
17902341
14150209
15838366
15382426
21512849
16373753
17513729
25009904
16331010
48116537
28076276
81210802
39833244
32258921
42737651
63834734
56850369
10032492
28636061
61812627
31251832
16465359
18814963
19536314
17681513
24010471
16544437
22235817
23493792
24429991
5961432
20608002
27014295
52967416
63905339
19551281
39416354
14227896
21245427
22673358
30971612
18354504
17546141
27063182
68414127
30065770
23008116
24903543
19201972
27823044
16679116
16945783
16813034
22960288
46477951
37412873
44533548
14324597
17293897
80451947
14023372
23798570
36082429
15524948
26744624
47446204
28595930
25688663
9637422
20239233
58606259
35082112
17459921
23409675
85452667
11449742
38391195
17455325
24332828
107
18216752
20174818
14954009
14982315
68465114
63826391
18733511
33884545
22302873
59384449
18639827
22863306
25909356
19732332
19624836
17160895
52273573
17887292
8858172
27432191
20833628
18439432
87475871
49799631
18653813
82532695
26559493
6690532
45565185
77098302
8933402
18112995
19468992
22525354
21789728
64546677
74293770
56770913
17494348
60393402
20677827
19424613
41758974
14074644
27254972
42301901
20171390
20286608
26811546
21308157
31895345
24939567
85791162
15293352
15615812
41385068
17070938
71751535
28127547
24775496
4276531
86614016
33888213
19481345
56471063
55160326
52552819
46770772
18917319
19740592
45735508
18436357
40966364
46254056
16860723
47521737
33039483
22523182
17134268
16739786
21231447
85528479
18071696
26676834
17297261
44550456
22547779
1117
67841391
17103014
43805926
54829200
25890892
91271426
76091559
38941183
17137971
51183522
53399627
38707967
17976486
15283659
5528322
2874
34005272
74235970
79037194
50578065
26810490
21375744
69529337
15313351
66883505
38046897
59925401
56218043
21409202
16329199
21421697
50732455
77251977
20806868
6266282
44009156
14240235
23856649
39394394
22820649
27656535
48201374
39556813
77564081
52950631
18785430
21018404
19618421
67092439
36856102
6253792
21407162
24976754
36074411
34685146
4999
33909945
27104027
18860401
20270337
16827489
39316521
46498477
26147434
56887696
23020850
14115408
14413075
37466762
53129665
25108168
14327149
15266059
15594182
25834590
9186952
48443722
23161471
23285305
64569307
20487518
41910910
22578516
19658051
9900882
27326970
15473574
9184282
39394574
9064862
32501439
14237997
16936406
74101927
33740239
15192038
77064046
46451415
48367245
18067813
56897054
83734528
21404068
69203755
15170719
16468012
13784532
18637505
7109192
38292798
29277654
43173208
38327737
27868334
24012274
27934142
17831080
79767163
33102167
64925480
22946819
15079315
71081016
23626190
14221686
20478353
64569516
2587801
48599448
24757310
15221613
28174228
74872146
37906483
39697229
30265624
23899578
32738894
18609003
28715660
33580269
22835173
21377098
16659967
19745317
10929352
28791192
40049695
16419025
15863373
36094197
35111608
18364078
70237332
20963066
22069152
73176784
16746994
18465629
24577236
37020885
22602883
26068449
16541636
12668172
15102450
23712369
24921152
18753627
22676390
5763262
30726990
70203027
19119427
17830849
23824100
21842448
66241988
27827519
43393888
34270047
69379786
14681621
16415603
40376192
56583584
21537777
64320862
69508863
21031049
33620919
15704070
14551761
66462673
64059568
19671858
63758380
58103238
19274077
38515238
76256268
49820162
67357056
25418661
35543599
20597167
14957147
73603507
22998927
18244358
24326808
23283796
43950136
18880638
17584334
55480972
20565488
291
29561813
68904673
22222791
55321898
31920384
15918898
21526079
34162876
19076199
72599099
16682738
21404846
2125491
40444403
47267005
26696841
25280477
36517105
29858206
2507851
17980076
16626187
62784377
4534291
16918727
16334165
60736329
16437867
35958852
59814196
53141311
34000003
86084006
14596318
20632207
40788168
24805351
71050448
23216867
80485095
86746084
53715111
26281395
28374472
15320603
16277291
22657153
80423969
23047566
31119337
9885222
29741678
28162392
74089214
47270916
17850161
15018677
681813
22202376
40893577
34487633
45083495
29322669
22084012
75069189
34518949
45971301
84908694
67520535
29402723
42254118
29447759
21356771
85925407
35026079
17836026
21107300
3291841
22159678
25286005
78228559
65523495
11381692
8770272
33712919
87287023
60815677
20685484
81625597
19165056
30301527
57834851
17886923
14564157
16499985
74948641
27111053
19756951
72665444
52609321
19552126
32117870
14352534
90594829
16301631
72350687
25901665
33666800
18021531
73495749
23174727
46274290
16627130
17451686
14563253
26571806
47535724
18432228
22327362
40292431
15633442
67319001
25040477
90780801
67736528
29712392
20007767
26117205
10720722
15963227
15824460
15036808
28830707
42793960
30937193
66882148
77048286
28731863
16961421
36511770
27108534
38344620
84611436
25905839
21042090
35056299
17080414
70021926
23006506
15458366
14997400
15997326
81818176
83891821
34368385
58089343
27181877
76062333
56783491
69042569
20318194
22773495
17770150
50885747
24209632
46469643
12561172
59199168
17790149
17002185
44355355
42458348
15162193
71889803
32122637
15828213
19198169
73198795
19563237
18232843
69127770
8888672
30007076
85494594
14255729
22551903
15871911
46470839
47480909
35013328
42670548
18183641
9322022
15389560
21629561
20953901
70839579
50566298
47250962
53996905
48890812
70839592
32419636
18603716
17046694
36463203
58735487
24402779
18047928
19279066
21887072
18300176
26064956
16159403
5845242
17992258
38457594
29019015
71825261
39101888
15069237
33694840
58939529
35888703
58727733
33978449
19937162
23898963
16797500
76354119
76999742
58569487
40290512
14217286
24881081
28130246
71674297
35753126
16965299
59220253
15044300
85676439
79259844
39245583
25130276
17613423
18007579
16225233
15279429
4075231
62504242
81495159
34663865
14660419
6323442
16251098
44687868
25826806
75479731
18854009
14246782
37608636
88285886
22695157
21875245
18640992
24795979
27103375
19138589
18428542
61848562
22771961
28841932
24693735
23233229
19316438
30155054
27191172
19238073
78529758
5678972
21734192
19203998
14325188
39439037
79345351
16577931
19560636
23125989
54537452
37385017
6445192
1775861
55972445
32128610
14230524
10926202
17150450
91665773
23967554
17445169
18148632
15774108
73738894
14532794
73738234
10119442
21177105
36019258
44805180
30115934
16382308
18974656
21367818
17547378
33884550
17022100
18912338
35820835
88286644
39764957
16610453
23857435
22844178
28042236
14607989
27675145
12584
23596179
18352234
14220270
22028410
83027502
21834871
39668197
54682125
14413630
51267107
12300952
40588719
19962819
18161055
59247894
13255592
14515734
16129175
85822395
12916
19249417
47479695
18070110
14074673
63333061
75628913
31427991
12163922
69303828
41756403
14645324
16241581
35674990
15221855
77943376
16426682
9804222
31569811
24492807
25643901
14502319
15450576
20556871
31179169
19192100
41135782
36511031
20633434
44178907
18994582
24809804
22332381
4275221
18768802
28051976
21841796
57555472
56863127
36466096
18521955
20170281
15152754
17004837
51930738
71416858
74517424
46341163
26428248
11891512
69590970
46056977
3365
24908776
7121092
86455386
54748365
28636225
19958649
14354476
27511328
26483428
17882799
29582781
27531485
20893304
15456558
10486242
50998967
41719958
16808812
22670829
19550547
75994677
25181599
42344618
24703275
17931137
87077550
30333274
5471
22727373
37046756
18351084
18519661
20076721
57481443
70276061
2986
18637695
19780938
18058609
16953537
15699280
87030377
35076918
15535860
23006082
6141832
46514754
23872098
35094355
31248347
18176279
25932620
41645304
17561325
34551399
59300710
53459568
21745697
20515014
19154462
27673609
22066629
48606253
35970088
10886522
21727499
30895187
33156438
20291590
18081884
48773664
20160897
16654030
16092275
14601437
43443578
24906622
22226129
25071186
19671932
14605505
59179590
18559349
20968340
43561265
25823792
19046387
18062453
66737894
21465101
71648903
37901880
8770932
29944901
25683884
48256153
21318702
15569772
9601512
17613134
10004832
14076632
61431277
69150222
64200352
28279814
817283
21136713
17198865
73713505
6151792
21819762
22080314
59882756
61039939
19634312
19478160
16737437
9663492
55667750
13493302
74770764
23451953
16142275
56115631
21329692
15591225
23343292
47212668
15386410
46266798
29283
42443958
82013534
41589807
22983311
28540113
17235905
48116677
28056828
21600144
25921806
27362945
22184526
20312612
22430384
67134994
36046710
34366168
18164867
22762798
12609292
26181474
11779102
22735806
64851052
75641024
45432798
22736751
18520361
15944587
10486402
89496434
21319771
32126667
925161
20031434
43619905
19042940
75913667
56306863
80145924
20803007
16706124
34553561
15931637
19250495
25923326
33851072
18121025
34706508
69008099
24943151
86163428
23619764
69349664
26650406
15269441
21308602
18591215
14986377
35381039
21439907
15860911
18384302
46756631
19050409
14403725
62582789
44802145
16467567
15275807
67353104
20543127
15828077
20247445
77667449
55560050
18082274
29105291
24847030
22435557
39548808
70050486
66310682
18303219
28556726
35490978
40404810
66799378
25583634
2374441
25326324
48741440
16041234
17106279
38797799
50201107
20933517
17452084
21645949
15985455
15918994
60741117
28692568
11620792
55338534
69383354
19237927
55782620
85743948
26099658
26265033
22664368
17023637
20768051
18370690
25239961
18091209
76347038
26647413
20347438
31074919
29924177
15575251
12905
74924470
33580845
14687002
55050269
14744569
23076014
22277800
16450266
44177016
44540155
81503809
15952104
20326085
16955832
72039680
30817847
29636481
41073372
70480276
72936606
66778169
40628134
38013232
38278083
33939690
27937599
40710275
5800582
17034751
19163071
15713200
13624262
15118724
27384388
59868314
33642599
56144954
14334532
33402433
22856956
17773953
20723994
309073
50763365
45882179
18163042
57399531
73501268
14762678
17640662
16613646
45469620
10253262
23848234
32331846
30804941
55281683
54522879
85514406
83523333
52191295
15318371
44374617
27248149
15097133
25933561
14594371
31410086
80723218
16275042
68762011
10798802
15740491
55287331
35165330
65884652
30128874
28134618
18310715
19448754
78733213
59348749
352553
14085277
21840656
14932391
41593897
89621451
28725783
23289825
19919828
24551243
16472144
26868515
30973
20098206
15612015
25188426
22839825
14631559
21778005
77674954
77137941
26718402
26126188
14362575
74586044
57639861
12662472
32581033
16078504
15812097
17723503
26326756
19658936
14250157
28029641
28436631
70197905
18089998
11651302
25873628
19960182
1854401
15590944
16213621
24996573
16174915
18183753
14217749
16819166
55668841
19750703
26555869
1469
16356796
16901417
34987118
33507062
18824011
41141758
15406238
22938645
17684558
18069181
59664130
90568911
19056786
71308506
36843423
21258867
63807226
21057272
14610997
27109499
16399210
48027925
21540725
11571522
42937659
20834244
22159470
21148293
62951765
76464676
27710842
70794696
19933480
55780989
67067370
47417038
16424201
30378424
22434373
53811214
14886176
26604904
26213831
11134252
40207203
77537340
19675973
42784393
55716288
14720871
82429471
15927845
38483047
17995517
35918787
25128858
21245863
24655117
15870695
55889197
14222162
16516919
14238967
21905331
46221683
42300300
28164923
19877054
16923174
8129842
30678601
36585087
27671272
43393926
18149378
10220942
27745484
49050553
7846
28374435
48809781
68747489
16707902
19175963
14677919
9323782
21448842
26020351
35544888
16440392
24017262
78153671
39498268
23502921
15783192
78730196
15989779
20438240
72678709
16352599
28821099
16983535
41406813
62288730
22235371
61042235
15531573
14404914
25472674
76243129
67350773
81726088
85238167
22085184
25598752
44475157
69113800
16830897
38750333
18232781
17565481
86222775
26776129
29536022
18666827
78703648
15674094
17929048
17771425
18590826
60459494
31188307
5641122
12805812
16672130
14546414
64530977
57764156
782310
48416564
635543
59498346
2673451
41931493
77092535
25692368
13334762
83189882
35955299
21023681
38029213
10892692
23128386
14269118
68046198
26149716
15368007
18878904
14420251
15465602
32281597
17757736
50158116
16474230
73638811
41112560
17829877
17190863
31250351
23426396
20522767
17802181
14852604
23779324
11682132
22867831
46839066
21581670
3087671
58891801
15687962
30250881
44818240
64448653
16503218
6427882
42982408
18701067
35839820
32767154
17457769
19140481
74923682
77002680
27429139
15137359
10168942
58090444
83176027
43934416
23506864
30070535
43686216
16255515
48029066
16862017
27825390
26952261
52610949
19176429
14961904
15237208
70782320
15829367
74745063
17122521
36272509
25093825
14297388
61220851
55266556
56935104
82174619
52470322
89494822
16622121
18437401
32713532
22739159
8483882
70639118
26289873
42706725
13311352
37674984
39546850
23692601
9677372
24662806
28235986
16637963
25125899
16212685
16249522
68477330
13134572
113963
21175756
16475952
74900972
54343682
17456905
31227624
25345121
42847073
22049353
33634534
16261627
14836442
59232549
27817834
34093798
59479549
28074588
24232128
18012364
24926416
57643896
82409203
3543341
13687102
14955908
15737459
39469664
27792908
22814446
20466813
22894748
68136078
23201575
29619102
11805432
41630638
28370738
87946729
18845844
24752919
15227650
70267864
15563090
23603684
17801483
37755657
26350373
69639113
23131547
24576189
30263572
61382083
24424756
20069434
18224525
22758118
15437338
25635864
18548136
65688441
19877692
24559442
17436916
23881488
18591813
18932901
5526292
19618046
15640990
18450253
85921260
17008011
16824090
36087400
45896723
21826126
43877714
20268148
23502494
48012485
28291037
61796042
19559393
9136412
59199379
5702
4708351
16419465
45733
24786985
30728867
15158464
86834293
54045531
19046392
35463856
16362503
15207668
63242175
15657528
18079977
63256346
61857603
16277999
28351033
34862549
24816036
68899958
23173468
15474239
29851691
89493064
80355244
33386702
14287830
25020443
50179388
45963562
45482966
23456786
34120282
16863932
73448241
29840295
15387839
15800869
16629187
16705316
13418552
20568127
61330069
20822958
23610007
22650211
72030257
37545188
74084519
15170346
73036094
18977233
24235548
23300815
16415234
23100488
717313
19018401
42388513
15210236
20662054
20107174
81642688
26579930
87102233
18129073
35757156
29513362
22499272
48556086
42718112
26968963
68317796
19793843
14912789
52164528
6735
24507359
63329349
24095221
10161172
23198861
14765254
65143256
34699620
81470944
88459438
20461404
14846941
14985753
38615347
77163079
75867439
755113
25125730
15357138
19165963
42182425
19753036
29245324
66291107
14974554
41021761
29478554
87701557
14629933
77047957
65140761
64782184
14364705
22333927
22236902
25783102
19936078
15965991
23795635
15729017
20356591
34709344
73982539
33455616
30152056
22328490
20939232
21097020
9528942
48481155
21059347
21674448
19882775
37897397
19942858
73907271
26960843
23874145
92176273
32718488
19574839
82219148
19399883
21438656
89766463
14729676
17624338
22416031
34072922
53304799
5421982
26782291
68618739
80362933
36711067
75700829
17981654
15625821
41255888
45875662
67736048
2268681
23890895
16008072
37433110
14660210
69354891
38981233
17790377
92561057
13140102
19242455
34385365
22544784
14499163
15053754
35065827
75746895
61737322
18652946
78651595
14559098
60613964
62011774
32753986
18343801
20412447
15843918
41207761
16421607
42300623
29221344
24850085
14405162
21418842
21529973
61303072
26335386
18603472
61892507
82976276
85865206
17396190
40280830
15359340
60253609
12514
55163258
18572369
11740952
16700766
71157858
36853909
87052263
11573842
37850790
88282123
16406972
17934486
36603908
15677808
18619979
26100500
18472960
47373687
25908781
20718401
23047874
14423585
18141003
56504821
16252002
14917624
38609821
9626422
8362832
41763832
31353077
19224506
79110627
16008621
17817404
14871264
20701210
14313986
16020254
15841655
18948217
88059576
19201420
3745781
76567175
70065273
79641699
54733789
21700986
24001163
18432554
35013862
18124613
80806048
25592438
32292259
15608300
21277838
74374115
14167276
71806881
18175220
35306912
85426644
10937632
16939148
73398194
2884161
15365771
69818419
14
21135841
754611
45134599
37895093
17957392
66236070
30447805
15236944
74297689
66877118
19577059
86830846
24790283
24804032
20019503
35275340
22138357
15033845
30385445
792233
15743263
22228290
82110332
73180419
44721865
30743420
63350299
68422830
19523594
6998452
37012981
14570921
14653506
18849366
55991693
57259657
17162524
17816231
65908643
31373365
14097808
20297266
9007482
19784099
42088584
18321523
65580211
16723505
16848203
68724239
42792760
17817881
18318955
47365669
75353540
24816848
15169213
26795138
10755542
45256273
17498735
21228708
37542180
85501551
17762587
40500701
82253669
2787551
85268676
53613
19167640
16452333
52650515
14262772
79313634
31320269
1183041
22097952
22243737
16746076
33329322
6143162
51268109
77023233
18504255
15487945
21610282
34192959
23861536
49899041
44163738
41458149
23129597
19436789
62264005
18590401
12193642
15999644
31219549
15322428
16368972
18850381
67470267
25693244
22299703
7402662
16702140
40501080
31068999
25422469
42744718
20706622
15856107
32649697
73329350
56741841
16827333
17109175
21628069
72709953
26992384
36363686
23045558
63327727
28372717
27939337
86353043
52659746
30694546
20008629
15160177
19370644
20455625
68814190
74081406
51087218
22952548
41609185
12035332
79581829
56342033
18480302
27576099
50483553
16961249
65448794
18949827
14114579
14217016
14837079
44270667
18406555
16959793
50560632
11576852
68023783
31882690
20813401
26330810
21380930
18013593
69397119
21000477
60750044
19481177
81434969
14620003
56837400
18790067
16488766
10268302
16505080
14437548
26362342
52817388
25377231
16465231
18364847
24756680
34793170
10423492
30270309
22883726
62586762
36786717
36724356
17951970
34420577
16589683
38348495
82504087
27707368
43133239
36779082
26787673
21777877
20015511
17224076
25423316
24960858
36965591
69780205
40626138
20261503
50131157
26810895
834711
17448150
15841164
48781250
14215229
28110788
47110592
18062329
44546621
30317290
15066254
40530952
79709035
21582524
24403061
22461427
18847469
14485734
15451136
15077946
73143164
20691203
14260608
48523661
61652859
37774152
29727709
19868949
59626199
37964804
35366491
24809286
689273
41077365
69399606
6480732
77140043
18993601
64460703
26376522
17928845
46939702
31483878
18872608
71115167
37093539
15081737
23899358
72626916
27685955
20077250
44207541
25495039
4523471
3101811
18226834
16230839
28439928
45888543
47737973
38454132
70155050
8837312
61846215
35308857
2081521
23632382
50148098
25403689
25752441
17568649
30949408
11056862
16811264
19747646
14654770
14118281
33416342
33533490
30348776
29263218
79230386
17641147
18200953
45493473
26048347
21352893
15139701
17573803
33310898
78486181
15445610
16574681
16874037
19086101
49344223
7155812
80433176
26162088
29383846
64524406
26911943
23368291
26710546
16135397
75452844
11019092
70479542
20106770
33700365
39461921
42028130
75944628
38699848
18247538
21084567
18371850
46439474
29039447
2735591
64507876
38716207
67189009
24080712
85472534
28801435
72644483
37394877
14573074
8108602
29756339
38467693
54612441
18322792
20871328
30553375
9866582
34337143
17151093
32306149
49538899
33280575
10921932
12595982
24839135
24443702
15249991
74592154
16062877
14780915
16168254
44383235
54646328
19052813
64888582
29205041
15753487
31813659
14940547
47236780
31161814
16623356
32238551
23135992
19678610
7037702
74656871
16119648
61659146
19033041
22091081
5520332
59213
62593046
54464635
56881830
20650811
48074464
6676852
56631533
33847961
71362643
17196684
27757064
14629540
63650107
16743974
22852832
27115071
33829414
69124747
24785730
14372756
20350107
15799768
44318651
24045862
38232855
26465772
14584037
79099739
22417098
74013905
15598312
89810048
17371873
18771822
29358295
41196687
811260
10502072
19776991
17711152
11645772
41625566
22237854
21680718
83760133
8308762
16669688
30559094
19089165
15891115
19324378
51979100
75876728
27602664
62767947
74959839
15888142
15182079
65214092
80331086
18139461
22456471
35035420
41411433
9855382
14593851
15169565
7453012
25219700
24794269
15305347
62411098
59171586
29122498
50074759
20245775
15876737
68349562
18369812
20652126
24563902
59349484
61061751
18071933
30682999
31220886
20216649
8558632
37868827
46419731
16686177
23985335
69938617
50378873
17034486
6076652
32917523
29995521
9616062
27914138
55460660
22690558
77391688
746323
43620449
34380519
66514051
2883841
75825919
55151344
22971731
24182806
17565330
66271924
27318818
24107947
30055865
14846698
24523660
26034041
29635024
3755471
19751480
21151968
41162715
38706637
1497
15887195
29254094
71606590
21276349
36937803
15467911
53725474
54723568
61197484
15136367
15769774
14224390
16316095
14155663
60812034
20406226
29819548
17792032
23738794
37889428
16715174
63044592
7861312
18486881
11545732
31333741
60750928
14833435
21594021
16829374
79497837
17975421
17077260
24502450
20265254
22868457
16146693
15946607
62726379
17423872
22380533
74926698
14329898
16145570
16477691
28965751
12693432
26079429
73584467
768046
51307541
21991753
36124053
14664610
49133372
16378486
52729512
17220855
50533042
28936710
24301806
14341706
61317171
22455781
22563769
28835844
21840737
43402332
19820998
83526236
18070979
19361021
53821308
20961788
75643616
930061
19368416
14074743
41574235
